#Firefly parameters
inertia: [ 0.0608 , 0.000000 , 0.000000 , 0.000000 , 0.0688 , 0.000000 , 0.000000 , 0.000000 , 0.1489]
allocation_matrix: [ 0.500000 , -0.866025 , -1.000000 , 1.000000 , 1.000000 , 0.000000 , 1.000000 , 1.000000 , 0.500000 , 0.866025 , -1.000000 , 1.000000 , -0.500000 , 0.866025 , 1.000000 , 1.000000 , -1.000000 , 0.000000 , -1.000000 , 1.000000 , -0.500000 , -0.866025 , 1.000000 , 1.000000]
n_rotors: 6

rotor_force_constant: 1.269e-05
rotor_moment_constant: 0.016754
arm_length: 0.2895

roll_gain: 70
pitch_gain: 70
roll_int_gain: 2.0
pitch_int_gain: 2.0
p_gain: 25
q_gain: 22
r_gain: 1.0

max_integrator_error: 0.6
